174935.0 159387.0
171263.0 157730.0
166120.0 167465.0
174637.0 173303.0
181138.0 168201.0
184555.0 173959.0
169710.0 175812.0
186534.0 171801.0
165669.0 176395.0
175599.0 159886.0
167010.0 163309.0
156186.0 161858.0
173953.0 155583.0
176244.0 183492.0
158506.0 175146.0
172062.0 173719.0
166367.0 176806.0
172017.0 159942.0
169358.0 162448.0
175776.0 173712.0
155041.0 162267.0
175700.0 167544.0
172416.0 174545.0
166536.0 163590.0
172766.0 165927.0
175612.0 170904.0
184712.0 177961.0
165938.0 169205.0
154750.0 163929.0
171997.0 181576.0
155322.0 175905.0
174495.0 174755.0
173679.0 158545.0
164450.0 164580.0
170101.0 163971.0
167270.0 170948.0
176174.0 172502.0
177304.0 178431.0
165733.0 163777.0
179448.0 180405.0
179337.0 177691.0
164540.0 161390.0
163099.0 163980.0
176829.0 146521.0
175779.0 171600.0
175381.0 167162.0
159707.0 161947.0
178033.0 175103.0
154679.0 183085.0
178537.0 177276.0
160296.0 164058.0
169684.0 173728.0
179355.0 158108.0
161624.0 163456.0
174398.0 176016.0
179646.0 173899.0
163974.0 192504.0
182777.0 165502.0
175366.0 176225.0
177037.0 159011.0
171404.0 172561.0
172445.0 169081.0
180041.0 167577.0
156797.0 177925.0
168363.0 162616.0
172439.0 168077.0
168748.0 172287.0
173788.0 166254.0
181195.0 170110.0
170664.0 171126.0
173607.0 179297.0
170412.0 172131.0
158730.0 164773.0
172085.0 174617.0
179196.0 171721.0
170108.0 169242.0
180073.0 173907.0
175186.0 161771.0
173046.0 184643.0
168647.0 172619.0
163447.0 164225.0
166244.0 171518.0
169161.0 171190.0
180554.0 172277.0
165729.0 181113.0
174896.0 177176.0
170729.0 180705.0
168101.0 163441.0
164809.0 172933.0
165317.0 166423.0
167628.0 166793.0
160903.0 163420.0
183021.0 166446.0
171095.0 167317.0
171665.0 160446.0
166307.0 168806.0
168045.0 175074.0
172528.0 167034.0
177837.0 156981.0
180066.0 164923.0
176270.0 174078.0
173008.0 167373.0
182440.0 157075.0
164403.0 154256.0
155753.0 174778.0
169420.0 181532.0
170319.0 159491.0
165860.0 178116.0
174074.0 170976.0
177832.0 154174.0
177804.0 159297.0
171676.0 161722.0
165325.0 181731.0
179408.0 193555.0
160756.0 161461.0
165092.0 167571.0
156031.0 165577.0
171506.0 170073.0
165645.0 180908.0
169371.0 171159.0
177049.0 166601.0
180755.0 165668.0
184601.0 158085.0
171149.0 155618.0
183242.0 171862.0
159039.0 166447.0
162664.0 172506.0
170735.0 155453.0
164956.0 176110.0
173535.0 184756.0
160455.0 165376.0
170890.0 172789.0
175422.0 161474.0
168674.0 171038.0
176211.0 166260.0
165329.0 172358.0
173757.0 154815.0
171953.0 183418.0
170602.0 159193.0
161355.0 166100.0
166944.0 175373.0
171648.0 175378.0
174671.0 173286.0
165322.0 155610.0
197700.0 159592.0
177295.0 184580.0
173502.0 186556.0
169598.0 162201.0
174910.0 171675.0
168501.0 159771.0
168029.0 170793.0
171644.0 182974.0
181521.0 170172.0
157872.0 173098.0
171051.0 163495.0
152549.0 166558.0
169049.0 172074.0
169370.0 156452.0
176402.0 200176.0
174160.0 170849.0
176720.0 171054.0
173190.0 152061.0
164040.0 168737.0
164727.0 165326.0
177335.0 168527.0
189109.0 161855.0
172060.0 169927.0
176212.0 164917.0
166898.0 164441.0
174516.0 164644.0
166379.0 170015.0
182186.0 170440.0
161757.0 151415.0
179409.0 161137.0
181487.0 181110.0
172588.0 167751.0
177302.0 169406.0
162902.0 160173.0
162301.0 162991.0
158556.0 177691.0
166492.0 171012.0
181858.0 178936.0
176806.0 173283.0
174319.0 172134.0
164803.0 160937.0
171073.0 165264.0
175039.0 171881.0
173198.0 166284.0
171543.0 188044.0
171774.0 153955.0
164639.0 165938.0
167034.0 168877.0
177549.0 155449.0
180832.0 166076.0
181404.0 166764.0
174204.0 176731.0
164577.0 173931.0
175742.0 167317.0
182603.0 169379.0
169620.0 160298.0
185483.0 162803.0
153382.0 168815.0
167940.0 175627.0
166396.0 180382.0
175390.0 162338.0
174653.0 176510.0
166055.0 161000.0
173950.0 155387.0
188231.0 176198.0
174380.0 173746.0
173080.0 154648.0
169427.0 155179.0
193819.0 173799.0
182824.0 159857.0
171057.0 159782.0
163551.0 178312.0
180944.0 162029.0
161856.0 160220.0
183035.0 166041.0
175477.0 165681.0
168585.0 164251.0
169419.0 177483.0
170263.0 174781.0
175443.0 168764.0
172279.0 152477.0
162368.0 161146.0
161793.0 173007.0
170380.0 159234.0
156685.0 170885.0
172915.0 169527.0
160109.0 169699.0
178425.0 167570.0
169142.0 167124.0
160633.0 176455.0
161294.0 176347.0
175467.0 167662.0
161989.0 178637.0
174983.0 166418.0
162241.0 162723.0
169326.0 172325.0
150422.0 182657.0
182669.0 168272.0
187819.0 161198.0
185977.0 165400.0
175850.0 148275.0
166662.0 159400.0
183990.0 161843.0
175330.0 183084.0
178059.0 189500.0
173544.0 175455.0
178134.0 161012.0
165623.0 174095.0
161933.0 149811.0
162388.0 158439.0
166264.0 164304.0
168830.0 183883.0
177114.0 173819.0
178990.0 175746.0
181616.0 173097.0
178563.0 173159.0
183547.0 177105.0
173044.0 164550.0
172625.0 172954.0
165312.0 165853.0
161351.0 173377.0
177456.0 167261.0
164643.0 168249.0
157654.0 164428.0
162778.0 184055.0
166533.0 167616.0
177542.0 173220.0
186583.0 169380.0
167884.0 169829.0
166302.0 166759.0
156896.0 154823.0
168603.0 185221.0
170425.0 174937.0
162434.0 177071.0
158453.0 165633.0
171468.0 164439.0
172877.0 177350.0
172071.0 189205.0
166570.0 180382.0
152690.0 174505.0
176989.0 165136.0
164687.0 171021.0
168983.0 168466.0
160133.0 180722.0
169261.0 179014.0
170433.0 155884.0
186782.0 172132.0
176726.0 162903.0
176966.0 182258.0
170666.0 167554.0
180401.0 145981.0
169573.0 176260.0
165434.0 172731.0
187856.0 170216.0
169177.0 170655.0
164655.0 163102.0
158485.0 176371.0
175574.0 166926.0
164170.0 177135.0
161355.0 163596.0
173362.0 172278.0
172751.0 171552.0
172065.0 176833.0
169571.0 185008.0
173093.0 160693.0
177483.0 167571.0
173280.0 168397.0
165406.0 170356.0
169891.0 170138.0
167546.0 163917.0
154787.0 175238.0
156920.0 160760.0
183261.0 162772.0
170255.0 175463.0
175245.0 164878.0
161221.0 184895.0
180803.0 175362.0
165943.0 163863.0
170906.0 161194.0
156527.0 168152.0
166782.0 158241.0
168070.0 173997.0
143578.0 162468.0
160088.0 165303.0
173783.0 181189.0
171904.0 159304.0
180257.0 157864.0
164851.0 168496.0
183662.0 171794.0
170883.0 168334.0
176525.0 171926.0
167891.0 167054.0
165503.0 147029.0
154905.0 169104.0
174128.0 154283.0
173956.0 176237.0
171065.0 181933.0
180175.0 170873.0
175089.0 168651.0
179102.0 169730.0
168433.0 167642.0
169937.0 158587.0
166176.0 162365.0
176390.0 182112.0
165088.0 166099.0
175530.0 162862.0
173367.0 172696.0
181854.0 157261.0
172917.0 176816.0
177995.0 173978.0
165779.0 176993.0
178659.0 167623.0
164107.0 162071.0
177130.0 174068.0
163063.0 177498.0
168124.0 177806.0
178156.0 153652.0
165318.0 160394.0
171870.0 190296.0
160927.0 168964.0
170641.0 166587.0
165648.0 161787.0
181896.0 174633.0
163461.0 153363.0
183282.0 169547.0
162569.0 174327.0
172395.0 158590.0
168906.0 173353.0
173638.0 175068.0
175241.0 173409.0
176000.0 175106.0
163947.0 168514.0
160221.0 178598.0
164692.0 165502.0
167558.0 153650.0
169362.0 171494.0
179558.0 171983.0
169072.0 175464.0
177155.0 164407.0
173446.0 171279.0
190518.0 164366.0
167531.0 171810.0
157565.0 159748.0
168126.0 159961.0
170999.0 170931.0
179032.0 162436.0
158888.0 171197.0
163138.0 151854.0
178334.0 162634.0
164043.0 162470.0
157466.0 167310.0
168163.0 169489.0
171154.0 176095.0
165668.0 161081.0
169619.0 164602.0
164663.0 177684.0
177129.0 157114.0
163547.0 157102.0
163743.0 168283.0
180896.0 167485.0
183774.0 163492.0
174095.0 162720.0
159321.0 165117.0
178636.0 167383.0
174131.0 165811.0
166420.0 165132.0
170351.0 169926.0
167219.0 168564.0
162385.0 167157.0
179906.0 167410.0
160382.0 159577.0
170693.0 177739.0
183064.0 159305.0
170796.0 165639.0
168639.0 174520.0
166950.0 164452.0
169598.0 168718.0
177573.0 177769.0
158681.0 174344.0
178848.0 174703.0
168109.0 169047.0
166390.0 174198.0
162185.0 167857.0
165371.0 176700.0
178812.0 143440.0
167763.0 165278.0
172645.0 150707.0
161837.0 168854.0
166815.0 172742.0
178073.0 164069.0
181707.0 171366.0
167853.0 171857.0
158077.0 167556.0
168060.0 177300.0
168790.0 160881.0
185364.0 168132.0
186463.0 168319.0
153301.0 173379.0
181345.0 175580.0
182517.0 167898.0
181342.0 171195.0
166357.0 157859.0
182397.0 159587.0
166412.0 168725.0
171164.0 175956.0
182372.0 160522.0
168250.0 173963.0
166298.0 164685.0
167792.0 175339.0
169111.0 161231.0
169471.0 161929.0
157017.0 157775.0
171356.0 177759.0
174440.0 164999.0
163833.0 169249.0
172039.0 166218.0
183251.0 178862.0
168129.0 173873.0
165866.0 191863.0
179370.0 170077.0
181499.0 175688.0
183909.0 168804.0
168816.0 176839.0
157611.0 168626.0
155418.0 170961.0
171973.0 167571.0
176802.0 170122.0
181592.0 164968.0
176088.0 171961.0
183567.0 150510.0
173555.0 168901.0
163292.0 167348.0
165015.0 164294.0
173396.0 177634.0
170475.0 173710.0
171437.0 177827.0
187107.0 173937.0
173533.0 164629.0
167743.0 160720.0
172973.0 161273.0
176404.0 172884.0
174207.0 159684.0
175900.0 151000.0
179168.0 154401.0
167542.0 166782.0
187569.0 164192.0
162229.0 158415.0
181205.0 174133.0
155578.0 184341.0
167469.0 172723.0
174661.0 178590.0
180391.0 178653.0
162222.0 164217.0
174322.0 178967.0
162897.0 167994.0
171449.0 176022.0